# DESCRIPTION: Verilator output: Timestamp data for --skip-identical.  Delete at will.
C "-f lowrisc_dv_verilator_aes_tb_0.vc -LDFLAGS -pthread -lcrypto -DDISABLE_PRIM_CDC_RAND_DELAY -DREQUESTS_FILE=_gcm_k128_a20_d60.svh_ --trace --trace-fst --trace-structs --trace-params --trace-max-array 1024 -CFLAGS -std=c++11 -Wall -DVM_TRACE_FMT_FST -DTOPLEVEL_NAME=aes_tb -g -O0 -LDFLAGS -pthread -lutil -lelf -Wall -Wno-fatal"
T     15245 13898411  1776793472   314521861  1776793472   314521861 "./Vaes_tb.cpp"
T      8863 13898410  1776793472   314521861  1776793472   314521861 "./Vaes_tb.h"
T      3210 13898552  1776793473   422525255  1776793473   422525255 "./Vaes_tb.mk"
T     62787 13898409  1776793472   314521861  1776793472   314521861 "./Vaes_tb__ConstPool_0.cpp"
T       678 13898408  1776793472   312521855  1776793472   312521855 "./Vaes_tb__Dpi.cpp"
T      2079 13898407  1776793472   312521855  1776793472   312521855 "./Vaes_tb__Dpi.h"
T     24658 13898405  1776793472   312521855  1776793472   312521855 "./Vaes_tb__Syms.cpp"
T      7409 13898406  1776793472   312521855  1776793472   312521855 "./Vaes_tb__Syms.h"
T    571169 13898536  1776793473   244524709  1776793473   244524709 "./Vaes_tb__Trace__0.cpp"
T   1582345 13898518  1776793472   961523843  1776793472   961523843 "./Vaes_tb__Trace__0__Slow.cpp"
T    558092 13898537  1776793473   256524746  1776793473   256524746 "./Vaes_tb__Trace__1.cpp"
T    565877 13898546  1776793473   363525074  1776793473   363525074 "./Vaes_tb__Trace__10.cpp"
T    525410 13898528  1776793473   131524363  1776793473   131524363 "./Vaes_tb__Trace__10__Slow.cpp"
T   1016164 13898547  1776793473   378525120  1776793473   378525120 "./Vaes_tb__Trace__11.cpp"
T    536019 13898529  1776793473   143524400  1776793473   143524400 "./Vaes_tb__Trace__11__Slow.cpp"
T   1249726 13898548  1776793473   395525172  1776793473   395525172 "./Vaes_tb__Trace__12.cpp"
T    536962 13898530  1776793473   156524440  1776793473   156524440 "./Vaes_tb__Trace__12__Slow.cpp"
T   1954897 13898549  1776793473   418525242  1776793473   418525242 "./Vaes_tb__Trace__13.cpp"
T    539082 13898531  1776793473   169524480  1776793473   169524480 "./Vaes_tb__Trace__13__Slow.cpp"
T    388505 13898550  1776793473   422525255  1776793473   422525255 "./Vaes_tb__Trace__14.cpp"
T    998361 13898532  1776793473   184524526  1776793473   184524526 "./Vaes_tb__Trace__14__Slow.cpp"
T   1239236 13898533  1776793473   202524581  1776793473   202524581 "./Vaes_tb__Trace__15__Slow.cpp"
T   1940559 13898534  1776793473   224524648  1776793473   224524648 "./Vaes_tb__Trace__16__Slow.cpp"
T    485408 13898535  1776793473   231524670  1776793473   231524670 "./Vaes_tb__Trace__17__Slow.cpp"
T   1737863 13898519  1776793472   993523941  1776793472   993523941 "./Vaes_tb__Trace__1__Slow.cpp"
T    558122 13898538  1776793473   268524783  1776793473   268524783 "./Vaes_tb__Trace__2.cpp"
T   1526962 13898520  1776793473    20524023  1776793473    20524023 "./Vaes_tb__Trace__2__Slow.cpp"
T    560309 13898539  1776793473   280524820  1776793473   280524820 "./Vaes_tb__Trace__3.cpp"
T   1550571 13898521  1776793473    50524115  1776793473    50524115 "./Vaes_tb__Trace__3__Slow.cpp"
T    557948 13898540  1776793473   292524856  1776793473   292524856 "./Vaes_tb__Trace__4.cpp"
T    515246 13898522  1776793473    62524152  1776793473    62524152 "./Vaes_tb__Trace__4__Slow.cpp"
T    560266 13898541  1776793473   304524893  1776793473   304524893 "./Vaes_tb__Trace__5.cpp"
T    515661 13898523  1776793473    73524186  1776793473    73524186 "./Vaes_tb__Trace__5__Slow.cpp"
T    558097 13898542  1776793473   315524927  1776793473   315524927 "./Vaes_tb__Trace__6.cpp"
T    525737 13898524  1776793473    84524219  1776793473    84524219 "./Vaes_tb__Trace__6__Slow.cpp"
T    558115 13898543  1776793473   327524964  1776793473   327524964 "./Vaes_tb__Trace__7.cpp"
T    524673 13898525  1776793473    96524256  1776793473    96524256 "./Vaes_tb__Trace__7__Slow.cpp"
T    563790 13898544  1776793473   339525000  1776793473   339525000 "./Vaes_tb__Trace__8.cpp"
T    526628 13898526  1776793473   108524293  1776793473   108524293 "./Vaes_tb__Trace__8__Slow.cpp"
T    563601 13898545  1776793473   351525037  1776793473   351525037 "./Vaes_tb__Trace__9.cpp"
T    524667 13898527  1776793473   120524330  1776793473   120524330 "./Vaes_tb__Trace__9__Slow.cpp"
T    265092 13898412  1776793472   318521873  1776793472   318521873 "./Vaes_tb___024root.h"
T   1024138 13898437  1776793472   471522342  1776793472   471522342 "./Vaes_tb___024root__DepSet_h46619f57__0.cpp"
T    990622 13898430  1776793472   380522063  1776793472   380522063 "./Vaes_tb___024root__DepSet_h46619f57__0__Slow.cpp"
T     26792 13898438  1776793472   471522342  1776793472   471522342 "./Vaes_tb___024root__DepSet_h46619f57__1.cpp"
T   1007622 13898431  1776793472   392522100  1776793472   392522100 "./Vaes_tb___024root__DepSet_h46619f57__1__Slow.cpp"
T    258768 13898432  1776793472   396522112  1776793472   396522112 "./Vaes_tb___024root__DepSet_h46619f57__2__Slow.cpp"
T    877014 13898433  1776793472   417522176  1776793472   417522176 "./Vaes_tb___024root__DepSet_hadd3466e__0.cpp"
T   1156987 13898427  1776793472   346521959  1776793472   346521959 "./Vaes_tb___024root__DepSet_hadd3466e__0__Slow.cpp"
T   1051012 13898434  1776793472   432522222  1776793472   432522222 "./Vaes_tb___024root__DepSet_hadd3466e__1.cpp"
T   1225718 13898428  1776793472   363522011  1776793472   363522011 "./Vaes_tb___024root__DepSet_hadd3466e__1__Slow.cpp"
T   1031466 13898435  1776793472   450522277  1776793472   450522277 "./Vaes_tb___024root__DepSet_hadd3466e__2.cpp"
T    131250 13898429  1776793472   365522017  1776793472   365522017 "./Vaes_tb___024root__DepSet_hadd3466e__2__Slow.cpp"
T    600135 13898436  1776793472   457522299  1776793472   457522299 "./Vaes_tb___024root__DepSet_hadd3466e__3.cpp"
T       901 13898426  1776793472   319521876  1776793472   319521876 "./Vaes_tb___024root__Slow.cpp"
T       645 13898417  1776793472   318521873  1776793472   318521873 "./Vaes_tb___024unit.h"
T       513 13898448  1776793472   472522345  1776793472   472522345 "./Vaes_tb___024unit__DepSet_h2d6e0830__0__Slow.cpp"
T       693 13898447  1776793472   471522342  1776793472   471522342 "./Vaes_tb___024unit__Slow.cpp"
T     21685 13898553  1776793473   423525258  1776793473   423525258 "./Vaes_tb__ver.d"
T         0        0  1776793473   423525258  1776793473   423525258 "./Vaes_tb__verFiles.dat"
T       693 13898418  1776793472   318521873  1776793472   318521873 "./Vaes_tb_aes_model_dpi_pkg.h"
T       547 13898450  1776793472   472522345  1776793472   472522345 "./Vaes_tb_aes_model_dpi_pkg__DepSet_h05f1887e__0__Slow.cpp"
T     20384 13898451  1776793472   472522345  1776793472   472522345 "./Vaes_tb_aes_model_dpi_pkg__DepSet_hed435109__0.cpp"
T       765 13898449  1776793472   472522345  1776793472   472522345 "./Vaes_tb_aes_model_dpi_pkg__Slow.cpp"
T      1041 13898424  1776793472   319521876  1776793472   319521876 "./Vaes_tb_aes_reg_pkg.h"
T       531 13898515  1776793472   934523760  1776793472   934523760 "./Vaes_tb_aes_reg_pkg__DepSet_h56e61ed7__0__Slow.cpp"
T       841 13898514  1776793472   933523757  1776793472   933523757 "./Vaes_tb_aes_reg_pkg__Slow.cpp"
T     52334 13898423  1776793472   319521876  1776793472   319521876 "./Vaes_tb_aes_sbox__S4.h"
T    549595 13898492  1776793472   755523212  1776793472   755523212 "./Vaes_tb_aes_sbox__S4__DepSet_h1271ca31__0.cpp"
T    538264 13898465  1776793472   546522571  1776793472   546522571 "./Vaes_tb_aes_sbox__S4__DepSet_h1271ca31__0__Slow.cpp"
T    573719 13898493  1776793472   764523239  1776793472   764523239 "./Vaes_tb_aes_sbox__S4__DepSet_h1271ca31__1.cpp"
T    584017 13898502  1776793472   842523478  1776793472   842523478 "./Vaes_tb_aes_sbox__S4__DepSet_h1271ca31__10.cpp"
T    573090 13898480  1776793472   633522838  1776793472   633522838 "./Vaes_tb_aes_sbox__S4__DepSet_h1271ca31__10__Slow.cpp"
T    584291 13898503  1776793472   850523503  1776793472   850523503 "./Vaes_tb_aes_sbox__S4__DepSet_h1271ca31__11.cpp"
T    573090 13898481  1776793472   642522865  1776793472   642522865 "./Vaes_tb_aes_sbox__S4__DepSet_h1271ca31__11__Slow.cpp"
T    583602 13898504  1776793472   859523530  1776793472   859523530 "./Vaes_tb_aes_sbox__S4__DepSet_h1271ca31__12.cpp"
T    572762 13898482  1776793472   650522890  1776793472   650522890 "./Vaes_tb_aes_sbox__S4__DepSet_h1271ca31__12__Slow.cpp"
T    583714 13898505  1776793472   867523555  1776793472   867523555 "./Vaes_tb_aes_sbox__S4__DepSet_h1271ca31__13.cpp"
T    572762 13898483  1776793472   659522917  1776793472   659522917 "./Vaes_tb_aes_sbox__S4__DepSet_h1271ca31__13__Slow.cpp"
T    583606 13898506  1776793472   876523582  1776793472   876523582 "./Vaes_tb_aes_sbox__S4__DepSet_h1271ca31__14.cpp"
T    572762 13898484  1776793472   667522942  1776793472   667522942 "./Vaes_tb_aes_sbox__S4__DepSet_h1271ca31__14__Slow.cpp"
T    583722 13898507  1776793472   884523607  1776793472   884523607 "./Vaes_tb_aes_sbox__S4__DepSet_h1271ca31__15.cpp"
T    572762 13898485  1776793472   676522970  1776793472   676522970 "./Vaes_tb_aes_sbox__S4__DepSet_h1271ca31__15__Slow.cpp"
T    634676 13898508  1776793472   893523634  1776793472   893523634 "./Vaes_tb_aes_sbox__S4__DepSet_h1271ca31__16.cpp"
T    572465 13898486  1776793472   684522994  1776793472   684522994 "./Vaes_tb_aes_sbox__S4__DepSet_h1271ca31__16__Slow.cpp"
T    635086 13898509  1776793472   902523662  1776793472   902523662 "./Vaes_tb_aes_sbox__S4__DepSet_h1271ca31__17.cpp"
T    605894 13898487  1776793472   694523025  1776793472   694523025 "./Vaes_tb_aes_sbox__S4__DepSet_h1271ca31__17__Slow.cpp"
T    634940 13898510  1776793472   911523689  1776793472   911523689 "./Vaes_tb_aes_sbox__S4__DepSet_h1271ca31__18.cpp"
T    605995 13898488  1776793472   703523052  1776793472   703523052 "./Vaes_tb_aes_sbox__S4__DepSet_h1271ca31__18__Slow.cpp"
T    634758 13898511  1776793472   920523717  1776793472   920523717 "./Vaes_tb_aes_sbox__S4__DepSet_h1271ca31__19.cpp"
T    605736 13898489  1776793472   711523077  1776793472   711523077 "./Vaes_tb_aes_sbox__S4__DepSet_h1271ca31__19__Slow.cpp"
T    558882 13898466  1776793472   555522599  1776793472   555522599 "./Vaes_tb_aes_sbox__S4__DepSet_h1271ca31__1__Slow.cpp"
T    570116 13898494  1776793472   773523267  1776793472   773523267 "./Vaes_tb_aes_sbox__S4__DepSet_h1271ca31__2.cpp"
T     33186 13898490  1776793472   712523080  1776793472   712523080 "./Vaes_tb_aes_sbox__S4__DepSet_h1271ca31__20__Slow.cpp"
T    558882 13898467  1776793472   564522626  1776793472   564522626 "./Vaes_tb_aes_sbox__S4__DepSet_h1271ca31__2__Slow.cpp"
T    570357 13898495  1776793472   782523294  1776793472   782523294 "./Vaes_tb_aes_sbox__S4__DepSet_h1271ca31__3.cpp"
T    558882 13898468  1776793472   572522651  1776793472   572522651 "./Vaes_tb_aes_sbox__S4__DepSet_h1271ca31__3__Slow.cpp"
T    570819 13898496  1776793472   790523319  1776793472   790523319 "./Vaes_tb_aes_sbox__S4__DepSet_h1271ca31__4.cpp"
T    559503 13898469  1776793472   580522675  1776793472   580522675 "./Vaes_tb_aes_sbox__S4__DepSet_h1271ca31__4__Slow.cpp"
T    570639 13898497  1776793472   799523346  1776793472   799523346 "./Vaes_tb_aes_sbox__S4__DepSet_h1271ca31__5.cpp"
T    559505 13898470  1776793472   589522703  1776793472   589522703 "./Vaes_tb_aes_sbox__S4__DepSet_h1271ca31__5__Slow.cpp"
T    570819 13898498  1776793472   807523371  1776793472   807523371 "./Vaes_tb_aes_sbox__S4__DepSet_h1271ca31__6.cpp"
T    559505 13898471  1776793472   597522728  1776793472   597522728 "./Vaes_tb_aes_sbox__S4__DepSet_h1271ca31__6__Slow.cpp"
T    570647 13898499  1776793472   815523395  1776793472   815523395 "./Vaes_tb_aes_sbox__S4__DepSet_h1271ca31__7.cpp"
T    559505 13898472  1776793472   606522755  1776793472   606522755 "./Vaes_tb_aes_sbox__S4__DepSet_h1271ca31__7__Slow.cpp"
T    570674 13898500  1776793472   824523423  1776793472   824523423 "./Vaes_tb_aes_sbox__S4__DepSet_h1271ca31__8.cpp"
T    559523 13898473  1776793472   615522783  1776793472   615522783 "./Vaes_tb_aes_sbox__S4__DepSet_h1271ca31__8__Slow.cpp"
T    574735 13898501  1776793472   833523450  1776793472   833523450 "./Vaes_tb_aes_sbox__S4__DepSet_h1271ca31__9.cpp"
T    563544 13898474  1776793472   624522810  1776793472   624522810 "./Vaes_tb_aes_sbox__S4__DepSet_h1271ca31__9__Slow.cpp"
T    596226 13898512  1776793472   931523751  1776793472   931523751 "./Vaes_tb_aes_sbox__S4__DepSet_h9f0413a6__0.cpp"
T    291591 13898491  1776793472   716523092  1776793472   716523092 "./Vaes_tb_aes_sbox__S4__DepSet_h9f0413a6__0__Slow.cpp"
T    202409 13898513  1776793472   933523757  1776793472   933523757 "./Vaes_tb_aes_sbox__S4__DepSet_h9f0413a6__1.cpp"
T       720 13898464  1776793472   511522464  1776793472   511522464 "./Vaes_tb_aes_sbox__S4__Slow.cpp"
T      1280 13898425  1776793472   319521876  1776793472   319521876 "./Vaes_tb_aes_sbox_canright_pkg.h"
T       579 13898517  1776793472   934523760  1776793472   934523760 "./Vaes_tb_aes_sbox_canright_pkg__DepSet_hbd3157a8__0__Slow.cpp"
T      1186 13898516  1776793472   934523760  1776793472   934523760 "./Vaes_tb_aes_sbox_canright_pkg__Slow.cpp"
T       733 13898419  1776793472   318521873  1776793472   318521873 "./Vaes_tb_aes_tb_pkg.h"
T   1142741 13898453  1776793472   500522431  1776793472   500522431 "./Vaes_tb_aes_tb_pkg__DepSet_he6eba0ee__0__Slow.cpp"
T       637 13898454  1776793472   500522431  1776793472   500522431 "./Vaes_tb_aes_tb_pkg__DepSet_he6eba0ee__1__Slow.cpp"
T       702 13898452  1776793472   472522345  1776793472   472522345 "./Vaes_tb_aes_tb_pkg__Slow.cpp"
T      6527 13898551  1776793473   422525255  1776793473   422525255 "./Vaes_tb_classes.mk"
T       962 13898414  1776793472   318521873  1776793472   318521873 "./Vaes_tb_csrng_reg_pkg.h"
T       529 13898442  1776793472   471522342  1776793472   471522342 "./Vaes_tb_csrng_reg_pkg__DepSet_hc158e1f7__0__Slow.cpp"
T       865 13898441  1776793472   471522342  1776793472   471522342 "./Vaes_tb_csrng_reg_pkg__Slow.cpp"
T       906 13898415  1776793472   318521873  1776793472   318521873 "./Vaes_tb_edn_reg_pkg.h"
T       521 13898444  1776793472   471522342  1776793472   471522342 "./Vaes_tb_edn_reg_pkg__DepSet_h538c73de__0__Slow.cpp"
T       841 13898443  1776793472   471522342  1776793472   471522342 "./Vaes_tb_edn_reg_pkg__Slow.cpp"
T      1282 13898416  1776793472   318521873  1776793472   318521873 "./Vaes_tb_keymgr_reg_pkg.h"
T       533 13898446  1776793472   471522342  1776793472   471522342 "./Vaes_tb_keymgr_reg_pkg__DepSet_h2ba168ff__0__Slow.cpp"
T       877 13898445  1776793472   471522342  1776793472   471522342 "./Vaes_tb_keymgr_reg_pkg__Slow.cpp"
T      1074 13898413  1776793472   318521873  1776793472   318521873 "./Vaes_tb_lc_ctrl_reg_pkg.h"
T       537 13898440  1776793472   471522342  1776793472   471522342 "./Vaes_tb_lc_ctrl_reg_pkg__DepSet_h6e924f59__0__Slow.cpp"
T       894 13898439  1776793472   471522342  1776793472   471522342 "./Vaes_tb_lc_ctrl_reg_pkg__Slow.cpp"
T       989 13898422  1776793472   318521873  1776793472   318521873 "./Vaes_tb_prim_onehot_check__O3_ABz3_Sz3.h"
T      3830 13898463  1776793472   511522464  1776793472   511522464 "./Vaes_tb_prim_onehot_check__O3_ABz3_Sz3__DepSet_h21de0694__0.cpp"
T       920 13898462  1776793472   511522464  1776793472   511522464 "./Vaes_tb_prim_onehot_check__O3_ABz3_Sz3__DepSet_hd2646001__0__Slow.cpp"
T       882 13898461  1776793472   511522464  1776793472   511522464 "./Vaes_tb_prim_onehot_check__O3_ABz3_Sz3__Slow.cpp"
T       935 13898421  1776793472   318521873  1776793472   318521873 "./Vaes_tb_prim_onehot_mux__W80_I3.h"
T    339403 13898459  1776793472   508522455  1776793472   508522455 "./Vaes_tb_prim_onehot_mux__W80_I3__DepSet_h4a4df05e__0.cpp"
T    167614 13898460  1776793472   511522464  1776793472   511522464 "./Vaes_tb_prim_onehot_mux__W80_I3__DepSet_h4a4df05e__1.cpp"
T       957 13898458  1776793472   500522431  1776793472   500522431 "./Vaes_tb_prim_onehot_mux__W80_I3__DepSet_h66f7e947__0__Slow.cpp"
T       819 13898457  1776793472   500522431  1776793472   500522431 "./Vaes_tb_prim_onehot_mux__W80_I3__Slow.cpp"
T      4782 13898420  1776793472   318521873  1776793472   318521873 "./Vaes_tb_prim_sha2_pkg.h"
T       535 13898456  1776793472   500522431  1776793472   500522431 "./Vaes_tb_prim_sha2_pkg__DepSet_hbc012917__0__Slow.cpp"
T      1209 13898455  1776793472   500522431  1776793472   500522431 "./Vaes_tb_prim_sha2_pkg__Slow.cpp"
S   9857616 13507020  1776726112    75563616  1776724869           0 "/usr/local/bin/verilator_bin"
S     16438 13898402  1776793459   686483180  1776793459   686483180 "lowrisc_dv_verilator_aes_tb_0.vc"
S      4088 13898383  1776793459   673483141  1775856006   421026000 "src/lowrisc_dv_aes_model_dpi_0/aes_model_dpi_pkg.sv"
S     77414 13898388  1776793459   673483141  1775856006   678035000 "src/lowrisc_dv_verilator_aes_tb_0/data/gcm_k128_a20_d60.svh"
S     12041 13898399  1776793459   674483144  1775856006   690031000 "src/lowrisc_dv_verilator_aes_tb_0/rtl/aes_tb.sv"
S      5194 13898395  1776793459   674483144  1775856006   692031000 "src/lowrisc_dv_verilator_aes_tb_0/rtl/aes_tb_c_dpi.sv"
S      4570 13898393  1776793459   674483144  1775856006   694031000 "src/lowrisc_dv_verilator_aes_tb_0/rtl/aes_tb_pkg.sv"
S       720 13898394  1776793459   674483144  1775856006   695038000 "src/lowrisc_dv_verilator_aes_tb_0/rtl/aes_tb_reqs.sv"
S      2578 13898398  1776793459   674483144  1775856006   697035000 "src/lowrisc_dv_verilator_aes_tb_0/rtl/tlul_adapter_tb_reqs.sv"
S      2952 13898397  1776793459   674483144  1775856006   699034000 "src/lowrisc_dv_verilator_aes_tb_0/rtl/tlul_delayer.sv"
S      1810 13898396  1776793459   674483144  1775856006   701031000 "src/lowrisc_dv_verilator_aes_tb_0/rtl/vh_regs.sv"
S       860 13897510  1776793459   429482393  1775856021   248026000 "src/lowrisc_earlgrey_constants_top_pkg_0/rtl/top_pkg.sv"
S      3660 13898151  1776793459   552482770  1775856021   230022000 "src/lowrisc_earlgrey_constants_top_racl_pkg_0.1/rtl/autogen/top_racl_pkg.sv"
S      3315 13898342  1776793459   667483122  1775856006   595034000 "src/lowrisc_ip_aes_1.0/lint/aes.vlt"
S     13601 13898379  1776793459   670483131  1775856006   788033000 "src/lowrisc_ip_aes_1.0/rtl/aes.sv"
S     22389 13898360  1776793459   668483125  1775856006   790033000 "src/lowrisc_ip_aes_1.0/rtl/aes_cipher_control.sv"
S     20842 13898361  1776793459   669483128  1775856006   792036000 "src/lowrisc_ip_aes_1.0/rtl/aes_cipher_control_fsm.sv"
S     13595 13898363  1776793459   669483128  1775856006   794037000 "src/lowrisc_ip_aes_1.0/rtl/aes_cipher_control_fsm_n.sv"
S     12123 13898362  1776793459   669483128  1775856006   796037000 "src/lowrisc_ip_aes_1.0/rtl/aes_cipher_control_fsm_p.sv"
S     39413 13898359  1776793459   668483125  1775856006   798037000 "src/lowrisc_ip_aes_1.0/rtl/aes_cipher_core.sv"
S     33914 13898353  1776793459   668483125  1775856006   801033000 "src/lowrisc_ip_aes_1.0/rtl/aes_control.sv"
S     52486 13898354  1776793459   668483125  1775856006   803033000 "src/lowrisc_ip_aes_1.0/rtl/aes_control_fsm.sv"
S     26109 13898356  1776793459   668483125  1775856006   806033000 "src/lowrisc_ip_aes_1.0/rtl/aes_control_fsm_n.sv"
S     24564 13898355  1776793459   668483125  1775856006   808036000 "src/lowrisc_ip_aes_1.0/rtl/aes_control_fsm_p.sv"
S     48862 13898348  1776793459   667483122  1775856006   810033000 "src/lowrisc_ip_aes_1.0/rtl/aes_core.sv"
S      7338 13898349  1776793459   667483122  1775856006   812037000 "src/lowrisc_ip_aes_1.0/rtl/aes_ctr.sv"
S      3686 13898350  1776793459   668483125  1775856006   814036000 "src/lowrisc_ip_aes_1.0/rtl/aes_ctr_fsm.sv"
S      4377 13898352  1776793459   668483125  1775856006   816037000 "src/lowrisc_ip_aes_1.0/rtl/aes_ctr_fsm_n.sv"
S      3343 13898351  1776793459   668483125  1775856006   818038000 "src/lowrisc_ip_aes_1.0/rtl/aes_ctr_fsm_p.sv"
S      7718 13898347  1776793459   667483122  1775856006   820035000 "src/lowrisc_ip_aes_1.0/rtl/aes_ctrl_gcm_reg_shadowed.sv"
S      9175 13898346  1776793459   667483122  1775856006   823031000 "src/lowrisc_ip_aes_1.0/rtl/aes_ctrl_reg_shadowed.sv"
S     44159 13898378  1776793459   670483131  1775856006   825034000 "src/lowrisc_ip_aes_1.0/rtl/aes_ghash.sv"
S     16955 13898375  1776793459   670483131  1775856006   829034000 "src/lowrisc_ip_aes_1.0/rtl/aes_key_expand.sv"
S       863 13898373  1776793459   670483131  1775856006   831034000 "src/lowrisc_ip_aes_1.0/rtl/aes_mix_columns.sv"
S      1923 13898374  1776793459   670483131  1775856006   833034000 "src/lowrisc_ip_aes_1.0/rtl/aes_mix_single_column.sv"
S     23269 13898344  1776793459   667483122  1775856006   835034000 "src/lowrisc_ip_aes_1.0/rtl/aes_pkg.sv"
S      7075 13898376  1776793459   670483131  1775856006   837034000 "src/lowrisc_ip_aes_1.0/rtl/aes_prng_clearing.sv"
S      6405 13898377  1776793459   670483131  1775856006   839034000 "src/lowrisc_ip_aes_1.0/rtl/aes_prng_masking.sv"
S     15174 13898343  1776793459   667483122  1775856006   843034000 "src/lowrisc_ip_aes_1.0/rtl/aes_reg_pkg.sv"
S      2403 13898357  1776793459   668483125  1775856006   845034000 "src/lowrisc_ip_aes_1.0/rtl/aes_reg_status.sv"
S     52406 13898345  1776793459   667483122  1775856006   847035000 "src/lowrisc_ip_aes_1.0/rtl/aes_reg_top.sv"
S      4441 13898365  1776793459   669483128  1775856006   849038000 "src/lowrisc_ip_aes_1.0/rtl/aes_sbox.sv"
S      2421 13898368  1776793459   669483128  1775856006   852034000 "src/lowrisc_ip_aes_1.0/rtl/aes_sbox_canright.sv"
S     16916 13898370  1776793459   669483128  1775856006   854034000 "src/lowrisc_ip_aes_1.0/rtl/aes_sbox_canright_masked.sv"
S     17427 13898369  1776793459   669483128  1775856006   856034000 "src/lowrisc_ip_aes_1.0/rtl/aes_sbox_canright_masked_noreuse.sv"
S      3694 13898367  1776793459   669483128  1775856006   858036000 "src/lowrisc_ip_aes_1.0/rtl/aes_sbox_canright_pkg.sv"
S     41942 13898371  1776793459   669483128  1775856006   860034000 "src/lowrisc_ip_aes_1.0/rtl/aes_sbox_dom.sv"
S      4503 13898366  1776793459   669483128  1775856006   862039000 "src/lowrisc_ip_aes_1.0/rtl/aes_sbox_lut.sv"
S      3984 13898358  1776793459   668483125  1775856006   864038000 "src/lowrisc_ip_aes_1.0/rtl/aes_sel_buf_chk.sv"
S      1030 13898372  1776793459   670483131  1775856006   866035000 "src/lowrisc_ip_aes_1.0/rtl/aes_shift_rows.sv"
S      3426 13898364  1776793459   669483128  1775856006   868035000 "src/lowrisc_ip_aes_1.0/rtl/aes_sub_bytes.sv"
S      5382 13898210  1776793459   578482850  1775856007   245031000 "src/lowrisc_ip_csrng_pkg_0.1/rtl/csrng_pkg.sv"
S     12564 13898209  1776793459   577482847  1775856007   247031000 "src/lowrisc_ip_csrng_pkg_0.1/rtl/csrng_reg_pkg.sv"
S      3119 13898236  1776793459   590482886  1775856007   572034000 "src/lowrisc_ip_edn_pkg_0.1/rtl/edn_pkg.sv"
S      9643 13898235  1776793459   590482886  1775856007   574037000 "src/lowrisc_ip_edn_pkg_0.1/rtl/edn_reg_pkg.sv"
S      2588 13898088  1776793459   527482693  1775856007   787058000 "src/lowrisc_ip_entropy_src_pkg_0.1/rtl/entropy_src_pkg.sv"
S       491 13897513  1776793459   430482396  1775856012   182026000 "src/lowrisc_ip_jtag_pkg_0.1/rtl/jtag_pkg.sv"
S      8517 13898305  1776793459   636483027  1775856008   376026000 "src/lowrisc_ip_keymgr_pkg_0.1/rtl/keymgr_pkg.sv"
S     19095 13898304  1776793459   636483027  1775856008   379022000 "src/lowrisc_ip_keymgr_pkg_0.1/rtl/keymgr_reg_pkg.sv"
S       214 13898155  1776793459   556482782  1775856009   130043000 "src/lowrisc_ip_lc_ctrl_pkg_0.1/lint/lc_ctrl_pkg.vlt"
S     13984 13898157  1776793459   556482782  1775856009   144022000 "src/lowrisc_ip_lc_ctrl_pkg_0.1/rtl/lc_ctrl_pkg.sv"
S     15003 13898156  1776793459   556482782  1775856009   146021000 "src/lowrisc_ip_lc_ctrl_pkg_0.1/rtl/lc_ctrl_reg_pkg.sv"
S     20505 13898091  1776793459   527482693  1775856009   153026000 "src/lowrisc_ip_lc_ctrl_state_pkg_0.1/rtl/lc_ctrl_state_pkg.sv"
S       820 13897543  1776793459   438482421  1775856015   878032000 "src/lowrisc_lint_common_0.1/tools/verilator/common.vlt"
S       218 13897517  1776793459   431482399  1775856015   879044000 "src/lowrisc_lint_comportable_0.1/tools/verilator/comportable.vlt"
S       772 13898213  1776793459   579482853  1775856011   110035000 "src/lowrisc_prim_alert_0/rtl/prim_alert_pkg.sv"
S     14494 13898214  1776793459   579482853  1775856011   112033000 "src/lowrisc_prim_alert_0/rtl/prim_alert_receiver.sv"
S     14419 13898215  1776793459   580482856  1775856011   115029000 "src/lowrisc_prim_alert_0/rtl/prim_alert_sender.sv"
S       460 13898240  1776793459   592482893  1775856010   806025000 "src/lowrisc_prim_all_0.1/lint/prim.vlt"
S       622 13898241  1776793459   593482896  1775856011   148029000 "src/lowrisc_prim_all_0.1/rtl/prim_clock_gating_sync.sv"
S      2018 13898252  1776793459   593482896  1775856011   188035000 "src/lowrisc_prim_all_0.1/rtl/prim_filter.sv"
S      2389 13898253  1776793459   593482896  1775856011   190034000 "src/lowrisc_prim_all_0.1/rtl/prim_filter_ctr.sv"
S      3791 13898250  1776793459   593482896  1775856011   194030000 "src/lowrisc_prim_all_0.1/rtl/prim_gate_gen.sv"
S      4910 13898254  1776793459   593482896  1775856011   198030000 "src/lowrisc_prim_all_0.1/rtl/prim_intr_hw.sv"
S     10066 13898247  1776793459   593482896  1775856011   200038000 "src/lowrisc_prim_all_0.1/rtl/prim_keccak.sv"
S     11886 13898248  1776793459   593482896  1775856011   280032000 "src/lowrisc_prim_all_0.1/rtl/prim_packer.sv"
S      6383 13898249  1776793459   593482896  1775856011   282032000 "src/lowrisc_prim_all_0.1/rtl/prim_packer_fifo.sv"
S      3272 13898251  1776793459   593482896  1775856011   289036000 "src/lowrisc_prim_all_0.1/rtl/prim_pulse_sync.sv"
S       796 13898243  1776793459   593482896  1775856011   396039000 "src/lowrisc_prim_all_0.1/rtl/prim_slicer.sv"
S      4122 13898242  1776793459   593482896  1775856011   400040000 "src/lowrisc_prim_all_0.1/rtl/prim_sram_arbiter.sv"
S     11858 13898244  1776793459   593482896  1775856011   415035000 "src/lowrisc_prim_all_0.1/rtl/prim_sync_reqack.sv"
S      7451 13898245  1776793459   593482896  1775856011   417036000 "src/lowrisc_prim_all_0.1/rtl/prim_sync_reqack_data.sv"
S      1911 13898246  1776793459   593482896  1775856011   419034000 "src/lowrisc_prim_all_0.1/rtl/prim_sync_slow_fast.sv"
S      2430 13898161  1776793459   559482791  1775856010   811027000 "src/lowrisc_prim_arbiter_0/lint/prim_arbiter.vlt"
S      6132 13898162  1776793459   559482791  1775856011   118033000 "src/lowrisc_prim_arbiter_0/rtl/prim_arbiter_fixed.sv"
S      7433 13898163  1776793459   559482791  1775856011   120033000 "src/lowrisc_prim_arbiter_0/rtl/prim_arbiter_ppc.sv"
S     12317 13898164  1776793459   559482791  1775856011   122033000 "src/lowrisc_prim_arbiter_0/rtl/prim_arbiter_tree.sv"
S      4120 13898165  1776793459   559482791  1775856011   124029000 "src/lowrisc_prim_arbiter_0/rtl/prim_arbiter_tree_dup.sv"
S       189 13897547  1776793459   440482427  1775856010   818023000 "src/lowrisc_prim_assert_0.1/lint/prim_assert.vlt"
S      9966 13897548  1776793459   440482427  1775856011   133033000 "src/lowrisc_prim_assert_0.1/rtl/prim_assert.sv"
S      1102 13897549  1776793459   440482427  1775856011   135033000 "src/lowrisc_prim_assert_0.1/rtl/prim_assert_dummy_macros.svh"
S      7571 13897552  1776793459   441482430  1775856011   137029000 "src/lowrisc_prim_assert_0.1/rtl/prim_assert_sec_cm.svh"
S      3576 13897564  1776793459   441482430  1775856011   192030000 "src/lowrisc_prim_assert_0.1/rtl/prim_flop_macros.sv"
S       599 13897674  1776793459   486482568  1775856011   142033000 "src/lowrisc_prim_blanker_0/rtl/prim_blanker.sv"
S       462 13897679  1776793459   488482574  1775856010   823023000 "src/lowrisc_prim_cdc_rand_delay_0/lint/prim_cdc_rand_delay.vlt"
S      2519 13897678  1776793459   488482574  1775856011   144030000 "src/lowrisc_prim_cdc_rand_delay_0/rtl/prim_cdc_rand_delay.sv"
S       737 13897683  1776793459   491482583  1775856010   826024000 "src/lowrisc_prim_cipher_0/lint/prim_cipher.vlt"
S      7810 13897685  1776793459   491482583  1775856011   285036000 "src/lowrisc_prim_cipher_0/rtl/prim_present.sv"
S      9817 13897686  1776793459   491482583  1775856011   287036000 "src/lowrisc_prim_cipher_0/rtl/prim_prince.sv"
S      3818 13897684  1776793459   491482583  1775856011   411038000 "src/lowrisc_prim_cipher_0/rtl/prim_subst_perm.sv"
S     19813 13897567  1776793459   443482436  1775856011   146029000 "src/lowrisc_prim_cipher_pkg_0.1/rtl/prim_cipher_pkg.sv"
S       395 13897690  1776793459   494482592  1775856010   838021000 "src/lowrisc_prim_count_0/lint/prim_count.vlt"
S     12204 13897692  1776793459   494482592  1775856011   153032000 "src/lowrisc_prim_count_0/rtl/prim_count.sv"
S       595 13897691  1776793459   494482592  1775856011   155029000 "src/lowrisc_prim_count_0/rtl/prim_count_pkg.sv"
S     12048 13898168  1776793459   560482795  1775856011   159030000 "src/lowrisc_prim_diff_decode_0/rtl/prim_diff_decode.sv"
S       592 13898218  1776793459   582482862  1775856011   171034000 "src/lowrisc_prim_esc_0/rtl/prim_esc_pkg.sv"
S      9805 13898219  1776793459   582482862  1775856011   173030000 "src/lowrisc_prim_esc_0/rtl/prim_esc_receiver.sv"
S      9055 13898220  1776793459   582482862  1775856011   175030000 "src/lowrisc_prim_esc_0/rtl/prim_esc_sender.sv"
S       426 13898172  1776793459   562482801  1775856010   847031000 "src/lowrisc_prim_fifo_0/lint/prim_fifo.vlt"
S      4456 13898178  1776793459   563482804  1775856011   177030000 "src/lowrisc_prim_fifo_0/rtl/prim_fifo_assert.svh"
S      9876 13898175  1776793459   562482801  1775856011   179030000 "src/lowrisc_prim_fifo_0/rtl/prim_fifo_async.sv"
S      2549 13898174  1776793459   562482801  1775856011   181030000 "src/lowrisc_prim_fifo_0/rtl/prim_fifo_async_simple.sv"
S     13984 13898173  1776793459   562482801  1775856011   183030000 "src/lowrisc_prim_fifo_0/rtl/prim_fifo_async_sram_adapter.sv"
S      7837 13898176  1776793459   562482801  1775856011   185030000 "src/lowrisc_prim_fifo_0/rtl/prim_fifo_sync.sv"
S      5304 13898177  1776793459   563482804  1775856011   187030000 "src/lowrisc_prim_fifo_0/rtl/prim_fifo_sync_cnt.sv"
S       396 13897570  1776793459   446482445  1775856011   604029000 "src/lowrisc_prim_generic_and2_0/rtl/prim_and2.sv"
S       398 13897573  1776793459   448482451  1775856011   606026000 "src/lowrisc_prim_generic_buf_0/rtl/prim_buf.sv"
S       291 13897577  1776793459   450482458  1775856011   518040000 "src/lowrisc_prim_generic_clock_buf_0/lint/prim_generic_clock_buf.vlt"
S       693 13897578  1776793459   450482458  1775856011   608024000 "src/lowrisc_prim_generic_clock_buf_0/rtl/prim_clock_buf.sv"
S      2867 13898181  1776793459   564482807  1775856011   610019000 "src/lowrisc_prim_generic_clock_div_0/rtl/prim_clock_div.sv"
S       400 13897582  1776793459   453482467  1775856011   523038000 "src/lowrisc_prim_generic_clock_gating_0/lint/prim_generic_clock_gating.vlt"
S       811 13897583  1776793459   453482467  1775856011   611026000 "src/lowrisc_prim_generic_clock_gating_0/rtl/prim_clock_gating.sv"
S       875 13898094  1776793459   529482700  1775856011   613022000 "src/lowrisc_prim_generic_clock_inv_0/rtl/prim_clock_inv.sv"
S       293 13897696  1776793459   497482602  1775856011   526041000 "src/lowrisc_prim_generic_clock_mux2_0/lint/prim_generic_clock_mux2.vlt"
S      1052 13897697  1776793459   497482602  1775856011   614027000 "src/lowrisc_prim_generic_clock_mux2_0/rtl/prim_clock_mux2.sv"
S      1269 13897586  1776793459   455482473  1775856011   616022000 "src/lowrisc_prim_generic_const_0/rtl/prim_const.sv"
S      1121 13897589  1776793459   457482479  1775856011   618019000 "src/lowrisc_prim_generic_const_sec_0/rtl/prim_const_sec.sv"
S       612 13897592  1776793459   460482488  1775856011   621022000 "src/lowrisc_prim_generic_flop_0/rtl/prim_flop.sv"
S      1238 13898097  1776793459   531482706  1775856011   623022000 "src/lowrisc_prim_generic_flop_2sync_0/rtl/prim_flop_2sync.sv"
S       922 13898100  1776793459   534482715  1775856011   624029000 "src/lowrisc_prim_generic_flop_en_0/rtl/prim_flop_en.sv"
S       424 13897595  1776793459   462482494  1775856011   626024000 "src/lowrisc_prim_generic_flop_no_rst_0/rtl/prim_flop_no_rst.sv"
S      2135 13897700  1776793459   499482608  1775856011   630022000 "src/lowrisc_prim_generic_pad_attr_0/rtl/prim_pad_attr.sv"
S       173 13897704  1776793459   502482617  1775856011   534041000 "src/lowrisc_prim_generic_pad_wrapper_0/lint/prim_generic_pad_wrapper.vlt"
S      4261 13897705  1776793459   502482617  1775856011   632020000 "src/lowrisc_prim_generic_pad_wrapper_0/rtl/prim_pad_wrapper.sv"
S       302 13897598  1776793459   465482504  1775856011   633027000 "src/lowrisc_prim_generic_prim_pkg_0/rtl/prim_pkg.sv"
S       173 13897715  1776793459   504482623  1775856011   538037000 "src/lowrisc_prim_generic_ram_1p_0/lint/prim_generic_ram_1p.vlt"
S      3250 13897716  1776793459   504482623  1775856011   635022000 "src/lowrisc_prim_generic_ram_1p_0/rtl/prim_ram_1p.sv"
S       590 13897525  1776793459   432482402  1775856011   637023000 "src/lowrisc_prim_generic_ram_1p_pkg_0/rtl/prim_ram_1p_pkg.sv"
S       192 13898006  1776793459   507482632  1775856011   541041000 "src/lowrisc_prim_generic_ram_1r1w_0/lint/prim_generic_ram_1r1w.vlt"
S      3455 13898007  1776793459   507482632  1775856011   638027000 "src/lowrisc_prim_generic_ram_1r1w_0/rtl/prim_ram_1r1w.sv"
S       433 13898050  1776793459   509482638  1775856011   544044000 "src/lowrisc_prim_generic_ram_2p_0/lint/prim_generic_ram_2p.vlt"
S      4147 13898051  1776793459   509482638  1775856011   640023000 "src/lowrisc_prim_generic_ram_2p_0/rtl/prim_ram_2p.sv"
S       700 13897528  1776793459   433482406  1775856011   642023000 "src/lowrisc_prim_generic_ram_2p_pkg_0/rtl/prim_ram_2p_pkg.sv"
S       173 13898055  1776793459   512482648  1775856011   548037000 "src/lowrisc_prim_generic_rom_0/lint/prim_generic_rom.vlt"
S      1310 13898056  1776793459   512482648  1775856011   643029000 "src/lowrisc_prim_generic_rom_0/rtl/prim_rom.sv"
S       378 13897531  1776793459   433482406  1775856011   645027000 "src/lowrisc_prim_generic_rom_pkg_0/rtl/prim_rom_pkg.sv"
S      1842 13898184  1776793459   566482813  1775856011   647023000 "src/lowrisc_prim_generic_rst_sync_0/rtl/prim_rst_sync.sv"
S      1733 13897601  1776793459   468482513  1775856011   649020000 "src/lowrisc_prim_generic_usb_diff_rx_0/rtl/prim_usb_diff_rx.sv"
S       400 13897604  1776793459   470482519  1775856011   650036000 "src/lowrisc_prim_generic_xnor2_0/rtl/prim_xnor2.sv"
S       396 13897607  1776793459   472482525  1775856011   652023000 "src/lowrisc_prim_generic_xor2_0/rtl/prim_xor2.sv"
S      6004 13898059  1776793459   513482651  1775856011   196030000 "src/lowrisc_prim_gf_mult_0/rtl/prim_gf_mult.sv"
S      4496 13898223  1776793459   586482874  1775856011   213031000 "src/lowrisc_prim_lc_sync_0.1/rtl/prim_lc_sync.sv"
S      1124 13898103  1776793459   536482721  1775856011   215031000 "src/lowrisc_prim_leading_one_ppc_0/rtl/prim_leading_one_ppc.sv"
S     25222 13898062  1776793459   516482660  1775856011   217031000 "src/lowrisc_prim_lfsr_0.1/rtl/prim_lfsr.sv"
S      1652 13898114  1776793459   541482736  1775856011   224036000 "src/lowrisc_prim_mubi_0.1/rtl/prim_mubi12_dec.sv"
S      2855 13898112  1776793459   541482736  1775856011   226035000 "src/lowrisc_prim_mubi_0.1/rtl/prim_mubi12_sender.sv"
S      6367 13898113  1776793459   541482736  1775856011   228035000 "src/lowrisc_prim_mubi_0.1/rtl/prim_mubi12_sync.sv"
S      1652 13898117  1776793459   542482739  1775856011   230034000 "src/lowrisc_prim_mubi_0.1/rtl/prim_mubi16_dec.sv"
S      2855 13898115  1776793459   541482736  1775856011   232031000 "src/lowrisc_prim_mubi_0.1/rtl/prim_mubi16_sender.sv"
S      6367 13898116  1776793459   542482739  1775856011   234031000 "src/lowrisc_prim_mubi_0.1/rtl/prim_mubi16_sync.sv"
S      1652 13898120  1776793459   542482739  1775856011   236028000 "src/lowrisc_prim_mubi_0.1/rtl/prim_mubi20_dec.sv"
S      2855 13898118  1776793459   542482739  1775856011   237035000 "src/lowrisc_prim_mubi_0.1/rtl/prim_mubi20_sender.sv"
S      6367 13898119  1776793459   542482739  1775856011   239032000 "src/lowrisc_prim_mubi_0.1/rtl/prim_mubi20_sync.sv"
S      1652 13898123  1776793459   542482739  1775856011   241034000 "src/lowrisc_prim_mubi_0.1/rtl/prim_mubi24_dec.sv"
S      2855 13898121  1776793459   542482739  1775856011   243031000 "src/lowrisc_prim_mubi_0.1/rtl/prim_mubi24_sender.sv"
S      6367 13898122  1776793459   542482739  1775856011   245031000 "src/lowrisc_prim_mubi_0.1/rtl/prim_mubi24_sync.sv"
S      1652 13898126  1776793459   542482739  1775856011   247031000 "src/lowrisc_prim_mubi_0.1/rtl/prim_mubi28_dec.sv"
S      2855 13898124  1776793459   542482739  1775856011   249031000 "src/lowrisc_prim_mubi_0.1/rtl/prim_mubi28_sender.sv"
S      6367 13898125  1776793459   542482739  1775856011   251031000 "src/lowrisc_prim_mubi_0.1/rtl/prim_mubi28_sync.sv"
S      1652 13898129  1776793459   542482739  1775856011   253031000 "src/lowrisc_prim_mubi_0.1/rtl/prim_mubi32_dec.sv"
S      2855 13898127  1776793459   542482739  1775856011   255031000 "src/lowrisc_prim_mubi_0.1/rtl/prim_mubi32_sender.sv"
S      6367 13898128  1776793459   542482739  1775856011   257031000 "src/lowrisc_prim_mubi_0.1/rtl/prim_mubi32_sync.sv"
S      1638 13898108  1776793459   541482736  1775856011   259031000 "src/lowrisc_prim_mubi_0.1/rtl/prim_mubi4_dec.sv"
S      2840 13898106  1776793459   541482736  1775856011   261032000 "src/lowrisc_prim_mubi_0.1/rtl/prim_mubi4_sender.sv"
S      6339 13898107  1776793459   541482736  1775856011   263030000 "src/lowrisc_prim_mubi_0.1/rtl/prim_mubi4_sync.sv"
S      1638 13898111  1776793459   541482736  1775856011   264035000 "src/lowrisc_prim_mubi_0.1/rtl/prim_mubi8_dec.sv"
S      2840 13898109  1776793459   541482736  1775856011   266033000 "src/lowrisc_prim_mubi_0.1/rtl/prim_mubi8_sender.sv"
S      6339 13898110  1776793459   541482736  1775856011   268035000 "src/lowrisc_prim_mubi_0.1/rtl/prim_mubi8_sync.sv"
S     40926 13898065  1776793459   519482669  1775856011   270032000 "src/lowrisc_prim_mubi_pkg_0.1/rtl/prim_mubi_pkg.sv"
S       648 13898132  1776793459   546482752  1775856011   276032000 "src/lowrisc_prim_onehot_0/rtl/prim_onehot_enc.sv"
S      1186 13898133  1776793459   546482752  1775856011   278032000 "src/lowrisc_prim_onehot_0/rtl/prim_onehot_mux.sv"
S      1123 13898137  1776793459   548482758  1775856010   868028000 "src/lowrisc_prim_onehot_check_0/lint/prim_onehot_check.vlt"
S      6658 13898138  1776793459   548482758  1775856011   274032000 "src/lowrisc_prim_onehot_check_0/rtl/prim_onehot_check.sv"
S      1758 13897610  1776793459   475482534  1775856011   283037000 "src/lowrisc_prim_pad_wrapper_pkg_0/rtl/prim_pad_wrapper_pkg.sv"
S      1609 13898187  1776793459   568482819  1775856011   308040000 "src/lowrisc_prim_reg_we_check_0/rtl/prim_reg_we_check.sv"
S       424 13898068  1776793459   520482672  1775856011   314035000 "src/lowrisc_prim_sec_anchor_0.1/rtl/prim_sec_anchor_buf.sv"
S       460 13898069  1776793459   520482672  1775856011   316032000 "src/lowrisc_prim_sec_anchor_0.1/rtl/prim_sec_anchor_const.sv"
S       609 13898070  1776793459   520482672  1775856011   317036000 "src/lowrisc_prim_sec_anchor_0.1/rtl/prim_sec_anchor_flop.sv"
S      1740 13897614  1776793459   477482540  1775856011   319037000 "src/lowrisc_prim_secded_0.1/rtl/prim_secded_22_16_dec.sv"
S       669 13897615  1776793459   477482540  1775856011   321033000 "src/lowrisc_prim_secded_0.1/rtl/prim_secded_22_16_enc.sv"
S      2063 13897616  1776793459   478482543  1775856011   323033000 "src/lowrisc_prim_secded_0.1/rtl/prim_secded_28_22_dec.sv"
S       675 13897617  1776793459   478482543  1775856011   324040000 "src/lowrisc_prim_secded_0.1/rtl/prim_secded_28_22_enc.sv"
S      2659 13897618  1776793459   478482543  1775856011   326037000 "src/lowrisc_prim_secded_0.1/rtl/prim_secded_39_32_dec.sv"
S       738 13897619  1776793459   478482543  1775856011   328034000 "src/lowrisc_prim_secded_0.1/rtl/prim_secded_39_32_enc.sv"
S      4026 13897620  1776793459   478482543  1775856011   330037000 "src/lowrisc_prim_secded_0.1/rtl/prim_secded_64_57_dec.sv"
S       780 13897621  1776793459   478482543  1775856011   332037000 "src/lowrisc_prim_secded_0.1/rtl/prim_secded_64_57_enc.sv"
S      4467 13897622  1776793459   478482543  1775856011   334036000 "src/lowrisc_prim_secded_0.1/rtl/prim_secded_72_64_dec.sv"
S       847 13897623  1776793459   478482543  1775856011   336033000 "src/lowrisc_prim_secded_0.1/rtl/prim_secded_72_64_enc.sv"
S      1769 13897624  1776793459   478482543  1775856011   338033000 "src/lowrisc_prim_secded_0.1/rtl/prim_secded_hamming_22_16_dec.sv"
S       685 13897625  1776793459   478482543  1775856011   340033000 "src/lowrisc_prim_secded_0.1/rtl/prim_secded_hamming_22_16_enc.sv"
S      2689 13897639  1776793459   478482543  1775856011   341040000 "src/lowrisc_prim_secded_0.1/rtl/prim_secded_hamming_39_32_dec.sv"
S       754 13897640  1776793459   478482543  1775856011   343037000 "src/lowrisc_prim_secded_0.1/rtl/prim_secded_hamming_39_32_enc.sv"
S      4497 13897641  1776793459   478482543  1775856011   345034000 "src/lowrisc_prim_secded_0.1/rtl/prim_secded_hamming_72_64_dec.sv"
S       863 13897642  1776793459   478482543  1775856011   347037000 "src/lowrisc_prim_secded_0.1/rtl/prim_secded_hamming_72_64_enc.sv"
S      4717 13897643  1776793459   479482546  1775856011   349033000 "src/lowrisc_prim_secded_0.1/rtl/prim_secded_hamming_76_68_dec.sv"
S       871 13897644  1776793459   479482546  1775856011   351033000 "src/lowrisc_prim_secded_0.1/rtl/prim_secded_hamming_76_68_enc.sv"
S      1838 13897645  1776793459   479482546  1775856011   355033000 "src/lowrisc_prim_secded_0.1/rtl/prim_secded_inv_22_16_dec.sv"
S       703 13897646  1776793459   479482546  1775856011   356040000 "src/lowrisc_prim_secded_0.1/rtl/prim_secded_inv_22_16_enc.sv"
S      2167 13897647  1776793459   479482546  1775856011   358094000 "src/lowrisc_prim_secded_0.1/rtl/prim_secded_inv_28_22_dec.sv"
S       710 13897648  1776793459   479482546  1775856011   360037000 "src/lowrisc_prim_secded_0.1/rtl/prim_secded_inv_28_22_enc.sv"
S      2800 13897649  1776793459   479482546  1775856011   362033000 "src/lowrisc_prim_secded_0.1/rtl/prim_secded_inv_39_32_dec.sv"
S       776 13897650  1776793459   479482546  1775856011   364033000 "src/lowrisc_prim_secded_0.1/rtl/prim_secded_inv_39_32_enc.sv"
S      4209 13897651  1776793459   479482546  1775856011   365037000 "src/lowrisc_prim_secded_0.1/rtl/prim_secded_inv_64_57_dec.sv"
S       824 13897652  1776793459   479482546  1775856011   367037000 "src/lowrisc_prim_secded_0.1/rtl/prim_secded_inv_64_57_enc.sv"
S      4691 13897653  1776793459   479482546  1775856011   369034000 "src/lowrisc_prim_secded_0.1/rtl/prim_secded_inv_72_64_dec.sv"
S       893 13897654  1776793459   479482546  1775856011   371035000 "src/lowrisc_prim_secded_0.1/rtl/prim_secded_inv_72_64_enc.sv"
S      1867 13897655  1776793459   479482546  1775856011   372040000 "src/lowrisc_prim_secded_0.1/rtl/prim_secded_inv_hamming_22_16_dec.sv"
S       719 13897656  1776793459   479482546  1775856011   374038000 "src/lowrisc_prim_secded_0.1/rtl/prim_secded_inv_hamming_22_16_enc.sv"
S      2830 13897657  1776793459   480482549  1775856011   376034000 "src/lowrisc_prim_secded_0.1/rtl/prim_secded_inv_hamming_39_32_dec.sv"
S       792 13897658  1776793459   480482549  1775856011   377041000 "src/lowrisc_prim_secded_0.1/rtl/prim_secded_inv_hamming_39_32_enc.sv"
S      4721 13897659  1776793459   480482549  1775856011   379038000 "src/lowrisc_prim_secded_0.1/rtl/prim_secded_inv_hamming_72_64_dec.sv"
S       909 13897660  1776793459   480482549  1775856011   381034000 "src/lowrisc_prim_secded_0.1/rtl/prim_secded_inv_hamming_72_64_enc.sv"
S      4949 13897661  1776793459   480482549  1775856011   383034000 "src/lowrisc_prim_secded_0.1/rtl/prim_secded_inv_hamming_76_68_dec.sv"
S       918 13897662  1776793459   480482549  1775856011   384041000 "src/lowrisc_prim_secded_0.1/rtl/prim_secded_inv_hamming_76_68_enc.sv"
S     74899 13897613  1776793459   477482540  1775856011   387039000 "src/lowrisc_prim_secded_0.1/rtl/prim_secded_pkg.sv"
S       543 13898074  1776793459   522482678  1775856010   898030000 "src/lowrisc_prim_sha2_0/lint/prim_sha2.vlt"
S     18731 13898076  1776793459   522482678  1775856011   389034000 "src/lowrisc_prim_sha2_0/rtl/prim_sha2.sv"
S     11566 13898077  1776793459   522482678  1775856011   391034000 "src/lowrisc_prim_sha2_0/rtl/prim_sha2_32.sv"
S     13571 13898075  1776793459   522482678  1775856011   393034000 "src/lowrisc_prim_sha2_0/rtl/prim_sha2_pad.sv"
S     12152 13897666  1776793459   484482562  1775856011   395034000 "src/lowrisc_prim_sha2_pkg_0/rtl/prim_sha2_pkg.sv"
S       412 13898081  1776793459   525482687  1775856010   902026000 "src/lowrisc_prim_sparse_fsm_0/lint/prim_sparse_fsm_flop.vlt"
S      2093 13898082  1776793459   525482687  1775856011   398038000 "src/lowrisc_prim_sparse_fsm_0/rtl/prim_sparse_fsm_flop.sv"
S       315 13898191  1776793459   571482828  1775856010   905031000 "src/lowrisc_prim_subreg_0/lint/prim_subreg.vlt"
S      9328 13898193  1776793459   571482828  1775856011   305033000 "src/lowrisc_prim_subreg_0/rtl/prim_reg_cdc.sv"
S     11521 13898194  1776793459   571482828  1775856011   307032000 "src/lowrisc_prim_subreg_0/rtl/prim_reg_cdc_arb.sv"
S      1838 13898195  1776793459   571482828  1775856011   402035000 "src/lowrisc_prim_subreg_0/rtl/prim_subreg.sv"
S      8993 13898196  1776793459   571482828  1775856011   404036000 "src/lowrisc_prim_subreg_0/rtl/prim_subreg_arb.sv"
S       724 13898197  1776793459   571482828  1775856011   406034000 "src/lowrisc_prim_subreg_0/rtl/prim_subreg_ext.sv"
S       613 13898192  1776793459   571482828  1775856011   408036000 "src/lowrisc_prim_subreg_0/rtl/prim_subreg_pkg.sv"
S      8506 13898198  1776793459   571482828  1775856011   409038000 "src/lowrisc_prim_subreg_0/rtl/prim_subreg_shadow.sv"
S       249 13898142  1776793459   551482767  1775856010   912029000 "src/lowrisc_prim_trivium_0.1/lint/prim_trivium.vlt"
S     15899 13898144  1776793459   551482767  1775856011   421035000 "src/lowrisc_prim_trivium_0.1/rtl/prim_trivium.sv"
S      4814 13898143  1776793459   551482767  1775856011   422039000 "src/lowrisc_prim_trivium_0.1/rtl/prim_trivium_pkg.sv"
S      2685 13898085  1776793459   526482690  1775856011   428032000 "src/lowrisc_prim_util_0.1/rtl/prim_util_pkg.sv"
S      2205 13897534  1776793459   433482406  1775856011   426035000 "src/lowrisc_prim_util_memload_0/rtl/prim_util_memload.svh"
S      6304 13898332  1776793459   650483070  1775856013   379032000 "src/lowrisc_tlul_adapter_dmi_0.1/rtl/tlul_adapter_dmi.sv"
S       173 13898258  1776793459   598482911  1775856013   335031000 "src/lowrisc_tlul_adapter_host_0.1/lint/tlul_adapter_host.vlt"
S      6340 13898259  1776793459   598482911  1775856013   380036000 "src/lowrisc_tlul_adapter_host_0.1/rtl/tlul_adapter_host.sv"
S       402 13898309  1776793459   639483037  1775856013   338036000 "src/lowrisc_tlul_adapter_racl_0.1/lint/tlul_adapter_racl.vlt"
S      5096 13898310  1776793459   639483037  1775856013   382037000 "src/lowrisc_tlul_adapter_racl_0.1/rtl/tlul_adapter_racl.sv"
S       173 13898263  1776793459   603482926  1775856013   342031000 "src/lowrisc_tlul_adapter_reg_0.1/lint/tlul_adapter_reg.vlt"
S     11606 13898264  1776793459   604482929  1775856013   384034000 "src/lowrisc_tlul_adapter_reg_0.1/rtl/tlul_adapter_reg.sv"
S      4944 13898313  1776793459   644483052  1775856013   386036000 "src/lowrisc_tlul_adapter_reg_racl_0.1/rtl/tlul_adapter_reg_racl.sv"
S       683 13898268  1776793459   608482942  1775856013   345035000 "src/lowrisc_tlul_adapter_sram_0.1/lint/tlul_adapter_sram.vlt"
S     26416 13898270  1776793459   608482942  1775856013   389032000 "src/lowrisc_tlul_adapter_sram_0.1/rtl/tlul_adapter_sram.sv"
S     33065 13898269  1776793459   608482942  1775856013   429030000 "src/lowrisc_tlul_adapter_sram_0.1/rtl/tlul_sram_byte.sv"
S      6325 13898335  1776793459   656483089  1775856013   391038000 "src/lowrisc_tlul_adapter_sram_racl_0.1/rtl/tlul_adapter_sram_racl.sv"
S       208 13898274  1776793459   612482954  1775856013   348039000 "src/lowrisc_tlul_adapter_vh_0.1/lint/tlul_adapter_vh.vlt"
S      5272 13898275  1776793459   612482954  1775856013   393032000 "src/lowrisc_tlul_adapter_vh_0.1/rtl/tlul_adapter_vh.sv"
S       673 13898227  1776793459   589482883  1775856013   352032000 "src/lowrisc_tlul_common_0.1/lint/tlul_common.vlt"
S     17137 13898230  1776793459   589482883  1775856013   395032000 "src/lowrisc_tlul_common_0.1/rtl/tlul_assert.sv"
S       760 13898232  1776793459   589482883  1775856013   397032000 "src/lowrisc_tlul_common_0.1/rtl/tlul_assert_multiple.sv"
S      3128 13898231  1776793459   589482883  1775856013   406033000 "src/lowrisc_tlul_common_0.1/rtl/tlul_err.sv"
S      3152 13898229  1776793459   589482883  1775856013   409037000 "src/lowrisc_tlul_common_0.1/rtl/tlul_fifo_async.sv"
S      6738 13898228  1776793459   589482883  1775856013   411037000 "src/lowrisc_tlul_common_0.1/rtl/tlul_fifo_sync.sv"
S      7643 13898147  1776793459   552482770  1775856013   417033000 "src/lowrisc_tlul_headers_0.1/rtl/tlul_pkg.sv"
S      5187 13898338  1776793459   661483104  1775856013   413034000 "src/lowrisc_tlul_jtag_dtm_0.1/rtl/tlul_jtag_dtm.sv"
S      1094 13898279  1776793459   617482969  1775856013   357036000 "src/lowrisc_tlul_lc_gate_0.1/lint/tlul_lc_gate.vlt"
S      6986 13898280  1776793459   617482969  1775856013   415034000 "src/lowrisc_tlul_lc_gate_0.1/rtl/tlul_lc_gate.sv"
S       173 13898284  1776793459   621482981  1775856013   359056000 "src/lowrisc_tlul_request_loopback_0.1/lint/tlul_request_loopback.vlt"
S      4252 13898285  1776793459   621482981  1775856013   419033000 "src/lowrisc_tlul_request_loopback_0.1/rtl/tlul_request_loopback.sv"
S       332 13898289  1776793459   625482994  1775856013   363069000 "src/lowrisc_tlul_socket_1n_0.1/lint/tlul_socket_1n.vlt"
S      2753 13898290  1776793459   626482997  1775856013   407037000 "src/lowrisc_tlul_socket_1n_0.1/rtl/tlul_err_resp.sv"
S      9372 13898291  1776793459   626482997  1775856013   424037000 "src/lowrisc_tlul_socket_1n_0.1/rtl/tlul_socket_1n.sv"
S       608 13898295  1776793459   630483009  1775856013   367039000 "src/lowrisc_tlul_socket_m1_0.1/lint/tlul_socket_m1.vlt"
S      8227 13898296  1776793459   630483009  1775856013   426037000 "src/lowrisc_tlul_socket_m1_0.1/rtl/tlul_socket_m1.sv"
S       173 13898300  1776793459   634483021  1775856013   370036000 "src/lowrisc_tlul_sram2tlul_0.1/lint/tlul_sram2tlul.vlt"
S      2046 13898301  1776793459   634483021  1775856013   377032000 "src/lowrisc_tlul_sram2tlul_0.1/rtl/sram2tlul.sv"
S      1559 13898204  1776793459   576482844  1775856013   399032000 "src/lowrisc_tlul_trans_intg_0.1/rtl/tlul_cmd_intg_chk.sv"
S      1483 13898203  1776793459   576482844  1775856013   401029000 "src/lowrisc_tlul_trans_intg_0.1/rtl/tlul_cmd_intg_gen.sv"
S       670 13898202  1776793459   576482844  1775856013   402036000 "src/lowrisc_tlul_trans_intg_0.1/rtl/tlul_data_integ_dec.sv"
S       565 13898201  1776793459   576482844  1775856013   404033000 "src/lowrisc_tlul_trans_intg_0.1/rtl/tlul_data_integ_enc.sv"
S      1519 13898206  1776793459   576482844  1775856013   421033000 "src/lowrisc_tlul_trans_intg_0.1/rtl/tlul_rsp_intg_chk.sv"
S      2884 13898205  1776793459   576482844  1775856013   422038000 "src/lowrisc_tlul_trans_intg_0.1/rtl/tlul_rsp_intg_gen.sv"
S      4475 13898319  1776793459   645483055  1775856022   905022000 "src/pulp-platform_riscv-dbg_0.1_0/lint/pulp_riscv_dbg.vlt"
S      2093 13898320  1776793459   646483058  1775856024   587027000 "src/pulp-platform_riscv-dbg_0.1_0/pulp_riscv_dbg/debug_rom/debug_rom.sv"
S      1943 13898321  1776793459   646483058  1775856024   591022000 "src/pulp-platform_riscv-dbg_0.1_0/pulp_riscv_dbg/debug_rom/debug_rom_one_scratch.sv"
S     26640 13898324  1776793459   646483058  1775856024   609022000 "src/pulp-platform_riscv-dbg_0.1_0/pulp_riscv_dbg/src/dm_csrs.sv"
S     25382 13898325  1776793459   646483058  1775856024   611022000 "src/pulp-platform_riscv-dbg_0.1_0/pulp_riscv_dbg/src/dm_mem.sv"
S     13397 13898322  1776793459   646483058  1775856024   613023000 "src/pulp-platform_riscv-dbg_0.1_0/pulp_riscv_dbg/src/dm_pkg.sv"
S      7052 13898323  1776793459   646483058  1775856024   616019000 "src/pulp-platform_riscv-dbg_0.1_0/pulp_riscv_dbg/src/dm_sba.sv"
S     10663 13898329  1776793459   646483058  1775856024   617026000 "src/pulp-platform_riscv-dbg_0.1_0/pulp_riscv_dbg/src/dm_top.sv"
S      3970 13898326  1776793459   646483058  1775856024   621022000 "src/pulp-platform_riscv-dbg_0.1_0/pulp_riscv_dbg/src/dmi_cdc.sv"
S     10623 13898327  1776793459   646483058  1775856024   625022000 "src/pulp-platform_riscv-dbg_0.1_0/pulp_riscv_dbg/src/dmi_jtag.sv"
S      9666 13898328  1776793459   646483058  1775856024   627022000 "src/pulp-platform_riscv-dbg_0.1_0/pulp_riscv_dbg/src/dmi_jtag_tap.sv"
